"1","-----------------------------------------------------"
"1"," "
"1","
"
"1","df$age"
"1",""
"1",": "
"1",""
"1","37"
"1",""
"1","
"
